# Blender v2.68 (sub 0) OBJ File: ''
# www.blender.org
mtllib BasicTrackNav.mtl
o NavMesh01
v -1.000000 2.877536 17.874880
v -1.000000 0.338298 17.874880
v -1.000000 0.338301 -1.000000
v -1.000000 2.877539 -1.000000
v 1.000000 2.877539 -1.000000
v 1.000000 0.338301 -1.000000
v 1.000000 0.338298 17.874880
v 1.000000 2.877536 17.874880
v -1.000000 2.877536 17.874880
v -1.000000 0.338298 17.874880
usemtl Nav_Space
s off
f 25 26 27 28
f 29 30 31 32
f 26 31 30 27
f 32 25 28 29
f 26 25 33 34
f 29 28 27 30
f 33 32 31 34
o NavMesh02
v 1.000000 2.877536 17.874880
v 1.000000 0.338298 17.874880
v -1.000000 0.338298 17.874880
v -1.000000 2.877536 17.874880
v 0.231430 2.960975 20.112268
v 0.231430 0.429953 20.090435
v 1.611777 0.430058 19.344452
v 1.611777 3.053979 19.350744
usemtl Nav_Space
s off
f 89 90 91 92
f 93 94 95 96
f 89 92 93 96
f 90 91 94 95
f 96 89 90 95
f 92 93 94 91
o NavMesh03
v 0.826597 2.960975 20.951204
v 0.231430 2.960975 20.112268
v 1.611777 3.053979 19.350744
v 2.206944 3.053979 20.189680
v 1.611777 0.430058 19.344452
v 2.206944 0.430058 20.183388
v 0.231430 0.429953 20.090435
v 0.826597 0.429953 20.929371
usemtl Nav_Space
s off
f 193 194 195 196
f 196 195 197 198
f 198 197 199 200
f 194 193 200 199
f 193 196 198 200
f 195 194 199 197
o NavMesh04
v 0.826597 0.429953 20.929371
v 0.826597 2.960975 20.951204
v 2.206944 3.053979 20.189680
v 2.206944 0.430058 20.183388
v 4.119319 0.429952 22.979464
v 4.119319 2.960974 23.001297
v 3.807405 3.053979 20.996864
v 3.807405 0.430058 20.990572
usemtl Nav_Space
s off
f 43 44 45 46
f 47 48 49 50
f 45 46 50 49
f 49 45 44 48
f 47 43 46 50
f 47 43 44 48
o NavMesh05
v 8.458711 3.053979 20.996864
v 3.807405 3.053979 20.996864
v 3.807405 0.430058 20.990572
v 8.458711 0.430058 20.990572
v 4.119319 0.429952 22.979464
v 8.770625 0.429952 22.979464
v 4.119319 2.960974 23.001297
v 8.770625 2.960974 23.001297
usemtl Nav_Space
s off
f 51 52 53 54
f 54 53 55 56
f 56 55 57 58
f 52 51 58 57
f 52 57 55 53
f 58 51 54 56
o NavMesh06
v 11.456813 2.960974 23.001297
v 8.770625 2.960974 23.001297
v 8.458711 3.053979 20.996864
v 11.144898 3.053979 20.996864
v 11.144898 1.346094 20.990572
v 8.458711 0.430058 20.990572
v 8.770625 0.429952 22.979464
v 11.456813 1.345989 22.979464
usemtl Nav_Space
s off
f 249 250 251 252
f 253 254 255 256
f 252 251 254 253
f 250 249 256 255
f 251 250 255 254
f 256 249 252 253
o NavMesh07
v 14.691658 0.790221 20.990572
v 11.144898 1.346094 20.990572
v 11.456813 1.345989 22.979464
v 15.003572 0.831464 22.979464
v 11.456813 2.960974 23.001297
v 15.003572 3.061634 22.957315
v 11.144898 3.053979 20.996864
v 14.691658 3.053979 20.996864
usemtl Nav_Space
s off
f 169 170 171 172
f 172 171 173 174
f 174 173 175 176
f 170 169 176 175
f 175 173 171 170
f 169 172 174 176
f 203 202 206 207
o NavMesh08
v 16.117613 2.675429 22.957315
v 15.003572 3.061634 22.957315
v 14.691658 3.053979 20.996864
v 15.805698 2.667774 20.996864
v 15.805698 0.404017 20.990572
v 14.691658 0.790221 20.990572
v 15.003572 0.831464 22.979464
v 16.117613 0.445259 22.979464
usemtl Nav_Space
s off
f 209 210 211 212
f 213 214 215 216
f 212 211 214 213
f 210 209 216 215
f 209 212 213 216
f 211 210 215 214
o NavMesh09
v 23.761549 2.675429 22.957315
v 16.117613 2.675429 22.957315
v 15.805698 2.667774 20.996864
v 23.449635 2.667774 20.996864
v 15.805698 0.404017 20.990572
v 23.449635 0.404017 20.990572
v 16.117613 0.445259 22.979464
v 23.761549 0.445259 22.979464
usemtl Nav_Space
s off
f 9 10 11 12
f 12 11 13 14
f 14 13 15 16
f 10 9 16 15
f 11 10 15 13
f 9 12 14 16
o NavMesh10
v 23.911207 0.404017 20.990572
v 23.449635 0.404017 20.990572
v 23.761549 0.445259 22.979464
v 26.148615 0.445259 21.996426
v 23.911207 2.667774 20.996864
v 23.449635 2.667774 20.996864
v 26.148615 2.675429 21.974277
v 23.761549 2.675429 22.957315
usemtl Nav_Space
s off
f 137 138 139 140
f 138 137 141 142
f 143 144 142 141
f 144 143 140 139
f 142 144 139 138
f 141 137 140 143
o NavMesh11
v 25.948980 2.667774 20.403715
v 23.911207 2.667774 20.996864
v 23.911207 0.404017 20.990572
v 25.948980 0.404017 20.397423
v 26.148615 0.445259 21.996426
v 27.602375 0.445260 20.420973
v 26.148615 2.675429 21.974277
v 27.602375 2.675430 20.398825
usemtl Nav_Space
s off
f 1 2 3 4
f 4 3 5 6
f 6 5 7 8
f 2 1 8 7
f 2 7 5 3
f 8 1 4 6
o NavMesh12
v 28.779448 2.675430 18.717274
v 27.602375 2.675430 20.398825
v 25.948980 2.667774 20.403715
v 27.126053 2.667774 18.722164
v 25.948980 0.404017 20.397423
v 27.126053 0.404017 18.715872
v 27.602375 0.445260 20.420973
v 28.779448 0.445260 18.739422
usemtl Nav_Space
s off
f 67 68 69 70
f 70 69 71 72
f 72 71 73 74
f 68 67 74 73
f 69 68 73 71
f 74 67 70 72
o NavMesh13
v 28.930401 0.445261 12.366053
v 28.779448 0.445260 18.739422
v 28.779448 2.675430 18.717274
v 28.930401 2.675431 12.343905
v 27.126053 2.667774 18.722164
v 27.277006 2.667775 12.348795
v 27.126053 0.404017 18.715872
v 27.277006 0.404018 12.342503
usemtl Nav_Space
s off
f 59 60 61 62
f 62 61 63 64
f 64 63 65 66
f 60 59 66 65
f 63 61 60 65
f 66 59 62 64
o NavMesh14
v 29.097248 2.054633 11.215303
v 28.930401 2.675431 12.343905
v 27.277006 2.667775 12.348795
v 27.110161 2.051193 11.219105
v 27.277006 0.404018 12.342503
v 27.110161 1.034063 11.214213
v 28.930401 0.445261 12.366053
v 29.097248 1.052595 11.232520
usemtl Nav_Space
s off
f 217 218 219 220
f 220 219 221 222
f 222 221 223 224
f 218 217 224 223
f 219 218 223 221
f 224 217 220 222
o NavMesh15
v 29.097248 2.054633 10.266980
v 29.097248 2.054633 11.215303
v 27.110161 2.051193 11.219105
v 27.110161 2.051193 10.270782
v 27.110161 1.034063 11.214213
v 27.110161 1.034063 10.265890
v 29.097248 1.052595 11.232520
v 29.097248 1.052595 10.284197
usemtl Nav_Space
s off
f 257 258 259 260
f 260 259 261 262
f 262 261 263 264
f 258 257 264 263
f 264 257 260 262
f 259 258 263 261
o NavMesh16
v 29.175728 0.609874 9.383183
v 29.097248 1.052595 10.284197
v 29.097248 2.054633 10.266980
v 29.175728 2.378782 9.343525
v 27.156033 0.567189 9.341016
v 27.110161 1.034063 10.265890
v 27.110161 2.051193 10.270782
v 27.156033 2.370859 9.352283
usemtl Nav_Space
s off
f 35 36 37 38
f 39 40 41 42
f 37 38 42 41
f 35 38 42 39
f 35 36 40 39
f 37 41 40 36
o NavMesh17
v 27.156033 0.567191 -1.266554
v 27.156033 0.567189 9.341016
v 29.175728 0.609874 9.383183
v 29.175728 0.609876 -1.224387
v 29.175728 2.378782 9.343525
v 29.175728 2.378783 -1.264044
v 27.156033 2.370859 9.352283
v 27.156033 2.370860 -1.255286
usemtl Nav_Space
s off
f 241 242 243 244
f 244 243 245 246
f 246 245 247 248
f 242 241 248 247
f 247 245 243 242
f 241 244 246 248
o NavMesh18
v 27.111103 2.293286 -1.972125
v 27.156033 2.370860 -1.255286
v 27.156033 0.567191 -1.266554
v 27.111103 0.489617 -1.983392
v 27.971218 1.986509 -4.209225
v 29.175728 2.378783 -1.264044
v 29.175728 0.609876 -1.224387
v 27.971218 0.217602 -4.169568
usemtl Nav_Space
s off
f 177 178 179 180
f 178 177 181 182
f 180 179 183 184
f 182 181 184 183
f 178 182 183 179
f 181 177 180 184
o NavMesh19
v 26.921700 0.405982 -5.291865
v 27.971218 0.217602 -4.169568
v 27.971218 1.986509 -4.209225
v 26.921700 2.174889 -5.331522
v 27.111103 2.293286 -1.972125
v 26.946762 2.166965 -3.094422
v 27.111103 0.489617 -1.983392
v 26.946762 0.363297 -3.105690
usemtl Nav_Space
s off
f 113 114 115 116
f 116 115 117 118
f 118 117 119 120
f 114 113 120 119
f 117 115 114 119
f 120 113 116 118
o NavMesh20
v 25.916433 2.166966 -4.377141
v 26.946762 2.166965 -3.094422
v 26.946762 0.363297 -3.105690
v 25.916433 0.363297 -4.388409
v 25.891371 2.174889 -6.297782
v 26.921700 2.174889 -5.331522
v 26.921700 0.405982 -5.291865
v 25.891371 0.405982 -6.258126
usemtl Nav_Space
s off
f 153 154 155 156
f 154 153 157 158
f 156 155 159 160
f 158 157 160 159
f 154 158 159 155
f 153 156 160 157
o NavMesh21
v 24.080351 2.166966 -5.129059
v 25.916433 2.166966 -4.377141
v 25.916433 0.363297 -4.388409
v 24.080351 0.363297 -5.140327
v 25.891371 0.405982 -6.258126
v 24.055288 0.405982 -7.010044
v 25.891371 2.174889 -6.297782
v 24.055288 2.174889 -7.049702
usemtl Nav_Space
s off
f 161 162 163 164
f 164 163 165 166
f 166 165 167 168
f 162 161 168 167
f 162 167 165 163
f 168 161 164 166
o NavMesh22
v 22.833149 2.166966 -5.129059
v 24.080351 2.166966 -5.129059
v 24.080351 0.363297 -5.140327
v 22.833149 0.363297 -5.140327
v 22.808086 2.174889 -7.049702
v 24.055288 2.174889 -7.049702
v 24.055288 0.405982 -7.010044
v 22.808086 0.405982 -7.010044
usemtl Nav_Space
s off
f 185 186 187 188
f 186 185 189 190
f 188 187 191 192
f 190 189 192 191
f 186 190 191 187
f 185 188 192 189
o NavMesh23
v 22.229660 1.897699 -6.656947
v 22.229660 0.346166 -6.595589
v 22.254723 0.346130 -5.582618
v 22.254723 1.897699 -5.481217
v 22.808086 0.405982 -7.010044
v 22.808086 2.174889 -7.049702
v 22.833149 2.166966 -5.129059
v 22.833149 0.363297 -5.140327
usemtl Nav_Space
s off
f 17 18 19 20
f 17 18 21 22
f 20 17 22 23
f 19 20 23 24
f 18 19 24 21
f 23 22 21 24
o NavMesh24
v 20.402557 1.897699 -6.656947
v 22.229660 1.897699 -6.656947
v 22.254723 1.897699 -5.481217
v 20.427620 1.897699 -5.481217
v 22.254723 0.346130 -5.582618
v 20.427620 0.346130 -5.582618
v 22.229660 0.346166 -6.595589
v 20.402557 0.346166 -6.595589
usemtl Nav_Space
s off
f 75 76 77 78
f 78 77 79 80
f 80 79 81 82
f 76 75 82 81
f 77 76 81 79
f 75 78 80 82
o NavMesh25
v 18.545364 1.798591 -5.527647
v 20.427620 1.897699 -5.481217
v 20.427620 0.346130 -5.582618
v 18.545364 0.889243 -5.527648
v 18.522186 1.798591 -6.614953
v 20.402557 1.897699 -6.656947
v 20.402557 0.346166 -6.595589
v 18.522186 0.889243 -6.724033
usemtl Nav_Space
s off
f 233 234 235 236
f 234 233 237 238
f 236 235 239 240
f 238 237 240 239
f 234 238 239 235
f 233 236 240 237
o NavMesh26
v 15.781151 1.877626 -5.537230
v 18.545364 1.798591 -5.527647
v 18.545364 0.889243 -5.527648
v 15.781151 0.968278 -5.537230
v 18.522186 0.889243 -6.724033
v 15.757973 0.968278 -6.733616
v 18.522186 1.798591 -6.614953
v 15.757973 1.877626 -6.624536
usemtl Nav_Space
s off
f 145 146 147 148
f 148 147 149 150
f 150 149 151 152
f 146 145 152 151
f 146 151 149 147
f 152 145 148 150
o NavMesh27
v 14.897042 2.877540 -7.046905
v 15.757973 1.877626 -6.624536
v 15.781151 1.877626 -5.537230
v 14.940003 2.877540 -5.108275
v 15.781151 0.968278 -5.537230
v 14.940003 0.338302 -5.108276
v 15.757973 0.968278 -6.733616
v 14.897042 0.338302 -7.046905
usemtl Nav_Space
s off
f 97 98 99 100
f 100 99 101 102
f 102 101 103 104
f 98 97 104 103
f 99 98 103 101
f 104 97 100 102
o NavMesh28
v 12.073788 0.338302 -5.108276
v 14.940003 0.338302 -5.108276
v 14.897042 0.338302 -7.046905
v 12.030827 0.338302 -7.046905
v 14.897042 2.877540 -7.046905
v 12.030827 2.877540 -7.046905
v 14.940003 2.877540 -5.108275
v 12.073788 2.877540 -5.108275
usemtl Nav_Space
s off
f 225 226 227 228
f 228 227 229 230
f 230 229 231 232
f 226 225 232 231
f 231 229 227 226
f 225 228 230 232
o NavMesh29
v 12.073788 0.338302 -5.108276
v 4.017139 0.338302 -5.059912
v 4.017139 2.877540 -5.059912
v 12.073788 2.877540 -5.108275
v 12.030827 0.338302 -7.046905
v 4.138158 0.338302 -7.160468
v 4.138158 2.877540 -7.160468
v 12.030827 2.877540 -7.046905
usemtl Nav_Space
s off
f 201 202 203 204
f 202 201 205 206
f 207 208 204 203
f 208 207 206 205
f 201 204 208 205
o NavMesh30
v 4.138158 2.877540 -7.160468
v 2.082274 2.877540 -6.069652
v 2.082274 0.338302 -6.069652
v 4.138158 0.338302 -7.160468
v 4.017139 0.338302 -5.059912
v 4.017139 2.877540 -5.059912
usemtl Nav_Space
s off
f 83 84 85 86
f 85 87 86
f 84 83 88
f 84 88 87 85
f 83 86 87 88
o NavMesh31
v 0.090721 2.877540 -4.095006
v 2.082274 2.877540 -6.069652
v 4.016560 2.877540 -5.058802
v 2.090721 2.877540 -4.095006
v 4.017139 0.338302 -5.059912
v 2.090721 0.338302 -4.095006
v 2.082274 0.338302 -6.069652
v 0.090721 0.338302 -4.095006
usemtl Nav_Space
s off
f 121 122 123 124
f 124 123 125 126
f 126 125 127 128
f 122 121 128 127
f 123 122 127 125
f 121 124 126 128
o NavMesh32
v 1.000000 2.877539 -2.052552
v 2.090721 2.877540 -4.095006
v 2.090721 0.338302 -4.095006
v 1.000000 0.338301 -2.052552
v 0.090721 0.338302 -4.095006
v -1.000000 0.338301 -2.052552
v 0.090721 2.877540 -4.095006
v -1.000000 2.877539 -2.052552
usemtl Nav_Space
s off
f 129 130 131 132
f 132 131 133 134
f 134 133 135 136
f 130 129 136 135
f 136 129 132 134
f 130 135 133 131
 NavMesh33
v -1.000000 2.877539 -1.000000
v -1.000000 2.877539 -2.052552
v 1.000000 2.877539 -2.052552
v 1.000000 2.877539 -1.000000
v 1.000000 0.338301 -2.052552
v 1.000000 0.338301 -1.000000
v -1.000000 0.338301 -2.052552
v -1.000000 0.338301 -1.000000
usemtl Nav_Space
s off
f 105 106 107 108
f 108 107 109 110
f 110 109 111 112
f 106 105 112 111
f 112 105 108 110
f 107 106 111 109